100
00
02 07
01
06 09
02
10 15
03
08 16
04
09 12
05
10 13
06
11 14
07
15 23
08
13 21
09
04 12
10
13 18
11
06 14
12
09 17
13
18 26
14
11 19
15
07 23
16
21 29
17
12 25
18
26 34
19
11 14
20
25 28
21
13 26
22
30 35
23
31 15
24
37 45
25
20 28
26
18 34
27
35 40
28
25 33
29
26 34
30
35 43
31
36 44
32
45 53
33
41 54
34
18 26
35
43 56
36
44 57
37
50 29
38
72 51
39
34 26
40
48 61
41
33 54
42
29 34
43
35 56
44
36 57
45
37 58
46
25 33
47
34 26
48
40 61
49
36 70
50
37 63
51
59 72
52
60 73
53
32 45
54
33 41
55
47 68
56
35 43
57
36 44
58
37 45
59
51 38
60
52 73
61
40 48
62
49 83
63
37 50
64
72 51
65
52 78
66
53 45
67
46 54
68
55 89
69
48 56
70
57 62
71
58 63
72
38 51
73
52 60
74
61 95
75
67 88
76
63 55
77
56 90
78
65 86
79
92 71
80
72 85
81
94 73
82
74 90
83
49 70
84
76 71
85
72 51
86
78 52
87
53 66
88
75 67
89
55 68
90
77 82
91
70 78
92
79 84
93
85 80
94
81 73
95
74 82
96
83 75
97
76 84
98
85 90
99
91 86